1
1
1
1
1
---
1
1
1
1
1
1
1
1
1
1
1
1
1
1
1
1
1
1
1
1
1
1
1
1
1
1
1
1
1
1
1
1
1
1
1
1
1
1
1
1
1
1
01
1
1
1
1
1
1
1
1
1
1
1
1
1
1
1
1
1
1
1
1
1
1
1
1
1
1
1
1
1
1
1
1
1
1
1
1
1
1
1
1
1
1
1
1
1
1
1
1
1
1
1
1
1
1
1
1
1
1
1
1
1
1
1
1
1
1
1
1
1
1
1
1
1
1
1
1
1
1
1
1
1
1
1
1
1
1
1
1
ABUGU
1
1
1
1
1
1
1
1
1
1
1
1
1
1
1
1
1
1
1
1
1
1
1
1
1
1
1
1
1
1
1
1
1
1
1
1
1
1
1
1
1
1
1
1
1
1
1
1
1
16.10.2024 13:57:27: 1
16.10.2024 13:57:35: 1
16.10.2024 13:58:03: 1
16.10.2024 13:58:11: 1
16.10.2024 14:02:27: 1
16.10.2024 14:06:12: 1
16.10.2024 15:14:57: 1
16.10.2024 15:17:45: 1
10/20/2024 5:26:22 PM: 1
10/20/2024 5:32:16 PM: 1
